1,0
1,0
1,0
1,0
1,0
1,0
1,0
1,0
1,0
1,0
1,0
1,0
0.99782,0
0.99564,0
0.99564,0
0.98693,0
0.97603,0
0.95643,0
0.94553,0
0.92375,0
0.90632,0
0.89107,0
0.85185,0
0.82789,0
0.81264,0
0.79956,0
0.76906,0
0.74946,0
0.71678,0
0.55338,0
0.51416,0
0.47495,0
0.4488,0
0.36601,0
0.33769,0
0.30937,0
0.25272,0
0.22004,0
0.19172,0
0.11547,5.8882e-05
0.091503,5.8882e-05
0.082789,0.00011776
0.076253,0.00011776
0.061002,0.00011776
0.054466,0.00023553
0.039216,0.00029441
0.037037,0.00035329
0.03268,0.00035329
0.0021786,0.019961
0.0021786,0.023965
0,0.033504
0,0.039569
0,0.046282
0,0.12954
0,0.14703
0,0.23088
0,0.32109
